1111222222222222222222222222222222222222222222222222233333322222222222222222222222222222222222222222222222222222222222222222222222222222222111111111111111111111111111111111111111111111111111111111111111111111111111111111111111111110000000000000000000000000
1112222222222222222222222222222222222222222222233333333333333333222222222222222222222222222222222222222222222222222222222222222222222222222221111111111111222111111111111111111111111111111111111111111111111111111111111111111111111111100000000000000000000000
1122222222222222222222222222222222222222222233333333333333333333333222222222222222222222222222333332222222222222222222222222222222222222222222111111111222222221111111111111111111111111111111111111111111111111111111111111111111111111110000000000000000000000
1222222222222222222222222222222222222222223333333333333333333333333332222223333322222223333333333333333233333322222222222222222222222222222222211222222222222222111111111111111111111111111111111111111111111111111111111111111111111111110000000000000000000000
2222222222222222222222222222233322222223333333333333333333333333333333333333333333333333333333333333333333333332222222222222222222222222222222222222222222222222211111111111111111111111111112222122111111111111111111111111111111111111111000000000000000000000
2222222222222222222222222222333333233233333333333333333333333333333333333333333333333333333333333333333333333333322222222222222222222222222222222222222222222222211111111111111111111111112222222222211111111111111111111111111111111111111100000000000000000000
2222222222222222222222222233333333333333333333333333333333333333333333333333333333333333333333333333333333333333332222222222222222222222222222222222222222222222211121111111112222221111122222222222222111111111111111112111111111111111111110000000000000000000
2222222222222222222222223333333333333333333333333333333333333333333333333333333333333333333333333333333333333333333332222222222222222222222222222222222222222222222222212222222222222222122222222222222222211111122222222211111111111111111111111110000000000000
2222222222222222222222223333333333333333333333333333333333333333333333333333333333333333333333333333333333333333333333322222222222222222222222222222222222222222222222222222222222222222211222222222222222221112222222222222111111111111111111111111000000000000
2222222222222222222222223333333333333333333333333333333333333333333333333333333333333333333333333333333333333333333333333222222222222222222222222222222222222222222222222222222222222222221222222222222222222122222222222222211111111111111111111111110000000000
2222222222222222222222223333333333333333333333333333333333333333333333333333333333333333333333333333333333333333333333333322222222222222222222222222222222222222222222222222222222222222222222222222222222222222222222222222211111111111111111111111111000011000
2222222222222222222222223333333333333333333333333333333333333333333333333333333333333333333333333333333333333333333333333332222222222222222222222222222222222222222222222222222222222222222222222222222222222222222222222222221111111111111111111111111100111000
2222222222222222222222223333333333333333333333333333333344444333333333333333333333333333333333333333333333333333333333333333222222222222222222222222222222222222222222222222222222222222222222222222222222222222222222222222222211111111111111111111111110111100
2222222222222222222222233333333333333333333333333444444444444433333333333333333333333333333333333333333333333333333333333333322222222222222222222222222222222222222222222222222222222222222222222222222222222222222222222222222222221111111111111111111111111110
2222222222222222222222233333333333333333333333344444444444444433333333333333333333333333333333333333333333333333333333333333332222222222222222222222222222222222222222222222222222222222222222222222222222222222222222222222222222222111111111111111111111111110
2222222222222222222233233333333333333333333333344444444444444433333333333333333333333333333333333333333333333333333333333333333222222222222222222222222222222222222222222222222222222222222222222222222222222222222222222222222222222211111111111111111111111110
2222222222222222233333333333333333333333333333334444444444444443333333333333333333333333333333333333333333333333333333333333333322222222222222222222222222222222222222222222222222222222222222222222222222222222222222222222222222222222222211111111111111111111
2222222222222222333333333333333333333333333333333444444444444443333333333333333333333333333333333333333333333333333333333333333332222222222222222222222222222222222222222222222222222222222222222222222222222222222222222222222222222222222221111111111111111111
2222222222222223333333333333333333333333333333333344444444444444433333333333333333333333333333333333333333333333333333333333333332222222222222222222222222222222222222222222222222222222222222222222222222222222222222222222222222222222222222222111111111111111
2222222222222223333333333333333333333333333333333344444444444444443333333333333333333333333333333333333333333333333333333333333332222222222222222222222222222222222222222222222222222222222222222222222222222222222222222222222222222222222222222221111111111111
2222222222222223333333333333333333333333333333333344444444444444444333333333333333333333333344433333333333333333333333333333333332222222222222222222222222222222222222222222222222222222222222222222222222222222222222222222222222222222222222222221111111111111
2222222222222233333333333333333333333333333333333334444444444444444433333333333333333333333444444443344333333333333333333333333332222222222222222222222222222222222222222222222222222222222222222222222222222222222222222222222222222222222222222222111111111111
2222222222222233333333333333333333333333333333333334444444444444444443333333333333333333444444444444444333333333333333333333333332222222222222222222222222222222222222222222222222222222222222222222222222222222222222222222222222222222222222222222221111111111
2222222222222333333333333333333333333333333333333333444444444444444444433333333333333333444444444444444333333333333333333333333332222222222222222222222222222222222222222222222222222222222222222222222222222222222222222222222222222222222222222222221111111111
2222222222222333333333333333333333333333333333333333344444444444444444443333333333333333444444444444444333333333333333333333333332222222222222222222222222222222222222222222222222222222222222222222222222222222222222222222222222222222222222222222222111111111
2222222222333333333333333333333333333333333333333334444444444444444444444333433333333334444444444444444444444444444433333333333332222222222222222222222222222222222222222222222222222222222222222222222222222222222222222222222222222222222222222222222211111111
2222222333333333333333333333333333333333333333333334444444444444444444444444444444444444444444444444444444444444444443333333333332222222222222222222222222222222222222222222222222222222222222222222222222222222222222222222222222222222222222222222222221111111
2222222333333333333333333333333333333333333333333334444444444444444444444444444444444444444444444444444444444444444444333333333332222222222222222222222222222222222222222222222222222222222222222222222222222222222222222222222222222222222222222222222221111111
2222222333333333333333333333333333333333333333333333444444444444444444444444444444444444444444444444444444444444444444333333333332222222222222222222222222222222222222222222222222222222222222222222222222222222222222222222222222222222222222222222222222221111
2222222333333333333333333333333333333333333333333333334444444444444444444444444444444444444444444444444444444444444444333333333332222222222222222222222222222222222222222222222222222222222222222222222222222222222222222222222222222222222222222222222222222111
2222222333333333333333333333333333333333333333333333334444444444444444444444444444444444444444444444444444444444444444433333333332222222222222222222222222222222222222222222222222222222222222222222222222222222222222222222222222222222222222222222222222222111
2222223333333333333333333333333333333333333333333333334444444444444444444444444444444444444444444444444444444444444444433333333322222222222222222222222222222222222222222222222222222222222222222222222222222222222222222222222222222222222222222222222222222211
2222233333333333333333333333333333333333333333333333344444444444444444444444444333333334444444444444444444444444444444433333333322222222222222222222222222222222222222222222222222222222222222222222222222222222222222222222222222222222222222222222222222222221
2222233333333333333333333333333333333333333333333333344444444444444444444444443333333333444444444444444444444444444444433333333322222222222222222222222222222222222222222222222222222222222222222222222222222222222222222222222222222222222222222222222222222221
2222223333333333333333333333333333333333333333333333344444444444444444444444433333333333444444444444444444444444444444433333333322222222222222222222222222222222222222222222222222222222222222222222222222222222222222222222222222222222222222222222222222222221
2222223333333333333333333333333444433333333333333333344444444444444444444444433333333333344444444444444444444444444444443333333333222222222222222222222222222222222222222222222222222222222222222222222222222222222222222222222222222222222222222222222222222222
2222223333333333333333333333333444433333333333333333444444444444444444444444433333333333344444444333444444444334444444443333333333222222222222222222222222222222222222222222222222222222222222222222222222222222222222222222222222222222222222222222222222222222
2222223333333333333333333333333344433333333333333334444444444444444444444444433333333333333343333333444444443333444444443333333333322222222222222222222222222222222222222222222222222222222222222222222222222222222222222222222222222222222222222222222222222222
2222233333333333333333333333333344333333333333333344444444444444444444444444433333333333333333333333444444433333344444443333333333333222222222222222222222222222222222222222222222222222222222222222222222222222222222222222222222222222222222222222222222222222
2222333333333333333333333333333333333333333333334444444444444444444444444444433333333333333333333333344443333333333444333333333333333222222222222222222222222222222222222222222222222222222222222222222222222222222222222222222222222222222222222222222222222222
2222333333333333333333333333333333333333333333344444444444444444444444444443333333333333333333333333333333333333333333334333333333333222222222222222222222222222222222222222222222222222222222222222222222222222222222222222222222222222222222222222222222222221
2223333333333333333333333333333333333333333333444444444444444444444444444433333333333333333333333333333333333333333333333333333333333322222222222222222222222222222222222222222222222222222222222222222222222222222222222222222222222222222222222222222222222221
2223333333333333333333333333333333333333333334444444444444444334444444433333333333333333333333333333333333333333333333333333333333333322222222222222222222222222222222222222222222222222222222222222222222222222222222222222222222222222222222222222222222222221
2223333333333333333333333333333333333333334444444444444444444333344444333333333333333333333333333333333333333333333333333333333333333322222222222222222222222222222222222222222222222222222222222222222222222222222222222222222222222222222222222222222222222211
2223333333333333333333333333333333333344444444444444444444443333344433333333333333333333333333333333333333333333333333333333333333333332222222222222222222222222222222222222222222222222222222222222222222222222222222222222222222222222222222222222222222222211
2223333333333333333333333333333333344444444444444444444444433333333333333333333333333333333333333333333333333333333333333333333333333332222222222222222222222222222222222222222222222222222222222222222222222222222222222222222222222222222222222222222222222211
2223333333333333333333333333333444444444444444444444444444333333333333333333333333333333333333333333333333333333333333333333333333333333222222222222222222222222222222222222222222222222222222222222222222222222222222222222222222222222222222222222222222222111
2223333333333333333333333333344444444444444444444444444444333333333333333333333333333333333333333333333333333333333333333333333333333333222222222222222222222222222222222222222222222222222222222222222222222222222222222222222222222222222222222222222222222211
2233333333333333333333333333344444444444444444444444444444333333333333333333333333333333333333333333333333333333333333333333333333333333222222222222222222222222222222222222222222222222222222222222222222222222222222222222222222222222222222222222222222222221
2333333333333333333333333333444444444444444444444444444444333333333333333333333333333333333333333333333333333333333333333333333333333333322222222222222222222222222222222222222222222222222222222222222222222222222222222222222222222222222222222222222222222221
2333333333333333333333333344444444444444444444444444444444433333333333333333333333333333333333333333333333333333333333333333333333333333333222222222222222222222222222222222222222222222222222222222222222222222222222222222222222222222222222222222222222222221
3333333333333333333333333444444444444444444444444444444444443333333333333333333333333333333333333333333333333333333333333333333333333333333332222222222222222222222222222222222222222222222222222222222222222222222222222222222222222222222222222222222222222221
3333333333333333333333344444444444444444444444444444444444443333333333333333333333333333333333333333333333333333333333333333333333333333333332222222222222222222222222222222222222222222222222222222222222222222222222222222222222222222222222222222222222222221
3333333333333333333333344444444444444444444444444444444444444334333333333333333333333333333333333333333333333333333333333333333333333333333322222222222222222222222222222222222222222222222222222222222222222222222222222222222222222222222222222222222222222221
3333333333333334443333344444444444444444444444443444444444444444433333333333333333333333333333333333333333333333333333333333333333333333333322222222222222222222222222222222222222222222222222222222222222222222222222222222222222222222222222222222222222222211
3333333333333333433333344444444444444444444444444444444344444444444433333333333333333333333333333333333333333333333333333333333333333333333332222222222222222222222222222222222222222222222222222222222222222222222222222222222222222222222222222222222222222211
3333333333333333433333344444444444444444444444444444444444444444444443333333333333333333333333333333333333333333333333333333333333333333333332222222222222222222222222222222222222222222222222222222222222222222222222222222222222222222222222222222222222222111
3333333333333333443333344444444444444444444444444444444444444444444443333333333333333333333333333333333333333333333333333333333333333333333332222222222222222222222222222222222222222222222222222222222222222222222222222222222222222222222222222222222222222111
2333333333333333333333334444444444444444444444444444444444444444444443333333333333333333333333333333333333333333333333333333333333333333333332222222222222222222222222222222222222222222222222222222222222222222222222222222222222222222222222222222222222221111
2333333333333333333333334444444444444444444443334444444444444444444444333333333333333333333333333333333333333333333333333333333333333333323322222222222222222222222222222222222222222222222222222222222222222222222222222222222222222222222222222222222222221111
2233333333333333333333333444444444444444443333333344444443344444444444333333333333333333333333333333333333333333333333333333333333333333223222222222222222222222222222222222222222222222222222222222222222222222222222222222222222222222222222222222222222211111
2233333333333333333333333344444444444444433333333334333333334334444444333333333333333333333332233333333333333333333333333333333333333332223222222222222222222222222222222222222222222222222222222222222222222222222222222222222222222222222222222222222222111111
2233333333333333333333333344444444444344333333333333333333333334444444333333333333333333333322222233333333333333333333333333333332222222223222222222222222222222222222222222222222222222222222222222222222222222222222222222222222222222222222222222222222111111
2333333333333333333333333444444444443333333333333333333333333344444444433333333333333333332222222233333333333333333333333333333332222222223222222222222222222222222222222222222222222222222222222222222222222222222222222222222222222222222222222222222222111111
2333333333333333333333333444444444433333333333333333333334333344444444433333333333333333332222222233333333333333333333333333333332222222222222222222222222222222222222222222222222222222222222222222222222222222222222222222222222222222222222222222222222111111
2333333333333333333333333344444444333333333333333333333333333444444444433333333333333333322222222223333333333333333333333333333322222222222222222222222222222222222222222222222222222222222222222222222222222222222222222222222222222222222222222222222222111111
2333333333333333333333333333444433333333333333333333333333334444444444333333333333333333322222222233333333333333333332233333333322222222222222222222222222222222222222222222222222222222222222222222222222222222222222222222222222222222222222222222222222111111
2233333333333333333333333333333333333333333333333333333333344444444444333333333333333333222222222222222233333333332222222222223222222222222222222222222222222222222222222222222222222222222222222222222222222222222222222222222222222222222222222222222222111111
2233333333333333333333333333333333333333333333333333333333344444444433333333333333333322222222222222222223333333222222222222222222222222222222222222222222222222222222222222222222222222222222222222222222222222222222222222222222222222222222222222222222111111
2223333333333333333333333333333333333333333333333333333333444444444443333333333333333322222222222222222223333333322222222222222222222222222222222222222222222222222222222222222222222222222222222222222222222222222222222222222222222222222222222222222222221111
2223333333333333333333333333333333333333333333333333333333444444444443333333333333333222222222222222222223333333322222222222222222222222222222222222222222222222222222222222222222222222222222222222222222222222222222222222222222222222222222222222222222222111
2222333333333333333333333333333333333333333333333333333333444444444433333333333333332222222222222222222222333333222222222222222222222222222222222222222222222222222222222222222222222222222222222222222222222222222222222222222222222222222222222222222222222211
2222333333333333333333333333333333333333333333333333333333344444444433333333333333332222222222222222222233333333322222222222222222222222222222222222222222222222222222222222222222222222222222222222222222222222222222222222222222222222222222222222222222222211
2223333333333333333333333333333333333333333333333333333333334444444433333333333333322222222222222222223333333333322222222222222222222222222222222222222222222222222222222222222222222222222222222222222222222222222222222222222222222222222222222222222222222221
2223333333333333333333333333333333333333333333333333333333333444444333333333333333322222222222222222233333333333322222222222222222222222222222222222222222222222222222222222222222222222222222222222222222222222222222222222222222222222222222222222222222222222
2222333333333333333333333333333333333333333333333333333333333344333333333333333333332222222222222222333333333333222222222222222222222222222222222222222222222222222222222222222222222222222222222222222222222222222222222222222222222222222222222222222222222222
2222333333333333333333333333333333333333333333333333334333333333333333333333333333332222223332222223333333333333222222222222222222222222222222222222222222222222222222222222222222222222222222222222222222222222222222222222222222222222222222222222222222222222
2222333333333333333333333333333333333333333333333333333333333333333333333333333333333222233332233333333333333333222222222222222222222222222222222222222222222222222222222222222222222222222222222222222222222222222222222222222222222222222222222222222222222222
2222333333333333333333333333333333333333333333333333333333333333333333333333333333333333333333333333333333333333222222222222222222222222222222222222222222222222222222222222222222222222222222222222222222222222222222222222222222222222222222222222222222222222
2222333333333333333333333333333333333333333333333333333333333333333333333333333333333333332233333333333333333333322222222222222222222222222222222222222222222222222222222222222222222222222222222222222222222222222222222222222222222222222222222222222222222222
2222333333333333333333333333333333333333333333333333333333333333333333333333333333333333322233333333333333333333322222222222222222222222222222222222222222222222222222222222222222222222222222222222222222222222222222222222222222222222222222222222222222222222
2222333333333333333333333333333333333333333333333333333333333333333333333333333333333322322333333333333333333333322222222222222222222222222222222222222222222222222222222222222222222222211111222222222222222222222222222222222222222222222222222222222222222222
2222333333333333333333333333333333333333333333333333333333333333333333333333333333333322333333333333333333333333332222222222222222222222222222222222222222222222222222222211122222222222111111111122222222222222222222222222222222222222222222222222222222222222
2222333333333333333333333333333333333333333333333333333333333333333333333333333333333222223333333333333333333333322222222222222222222222222222222222222222222222222222221111111222222111111111111111122222222222222222222222222222222222222222222222222222222222
2222333333333333333333333333333333333333333333333333333333333333333333333333333333333322223333333333333333333333222222222222222222222222222222222222222222222222222222211111111122111111111111111111112222222222222222222222222222222222222222222222222222222222
2222333333333333333333333333333333333333333333333333333333333333333333333333333333333333333333333333333333333332222222222222222222222222222222222222222222222222222222111111111111111111111111111111112222222222222222222222122222222222222222222222222222222222
2222333333333333333333333333333333333333333333333333333333333333333333333333333333333333333333333333333333333222222222222222222222222222222222222222222222222222222221111111111111111111111111111111111112222222222222222222112222222222222222222222222222222222
2222333333333333333333333333333333333333333333333333333333333333333333333333333333333333333333333333333333333222222222222222222222222222222222222222222222222222221111111111111111111111111111111111111111112222211222222222111222222222222222222222222222222222
2222333333333333333333333333333333333333333333333333333333333333333333333333333333333333333333333333333333332222222222222222222222222222222222222222222222222222211111111111111111111111111111111111111111111112111111222222212222222222222222222222222222222222
2222233333333333333333333333333333333333333333333333333333333333333333333333333333333333333333333333333333332222222222222222222222222222222222222222222222222222211111111111111111111111111111111111111111111111111111122222222222222222222222222222222222222222
2222223333333333333333333333333333333333333333333333333333333333333333333333333333333333333333333333333333332222222222222222222222222222222222222222222222222222111111111111111111111111111111111111111111111111111111122222222222222222222222222222222222222222
2222223333333333333333333333333333333333333333333333333333333333333333333333333333333333333333333333333333332222222222222222222222222222222222222222222222222221111111111111111111111111111111111111111111111111111111112222222222222222222222222222222222222222
2222223333333333333333333333333333333333333333333333333333333333333333333333333333333333333333333333333333322222222222222222222222222222222222222222222222222221111111111111111111111111111111111111111111111111111111111112222222222222222222222222222222222222
2222223333333333333333333333333333333333333333333333333333333333333333333333333333333333333333333333333332222222222222222222222222222222222222222222222222222221111111111111111111111111111111111111111111111111111111111111122222222222222222222222222222222222
2222223333333333333333333333333333333333333333333333333333333333333333333333333333333333333333333333333322222222222222222222222222222222222222222222222222222211111111111111111111111111111111111111111111111111111111111111111222222222222222222222222222222222
2222223333333333333333333333333333333333333333333333333333333333333333333333333333333333333333333333332222222222222222222222222222222222222222222222222222222211111111111111111111111111111111111111111111111111111111111111111222222222222222222222222222222222
2222223333333333333333333333333333333333333333333333333333333333333333333333333333333333333333322222222222222222222222222222222222222222222222222222222222222211111111111111111111111111111111111111111111111111111111111111111122222222222222222222222222222222
2222233333333333333333333333333333333333333333333333333333333333333333333333333333333333333322222222222222222222222222222222222222222222222222222222222222222111111111111111111111111111111111111111111111111111111111111111111122222222222222222222222222222222
2222233333333333333333333333333333333333333333333333333333333333333333333333333333333333333222222222222222222222222222222222222222222222222222222222222222222111111111111111111111111111111111111111111111111111111111111111111122222222222222222222222222222222
2222233333333333333333333333333333333333333333333333333333333333333333333333333333333333333222222222222222222222222222222222222222222222222222222222222222222111111111111111111111111111111111111111111111111111111111111111111222222222222222222222222222222222
2222333333333333333333333333333333333333333333333333333333333333333333333333333333333333332222222222222222222222222222222222222222222222222222222222222222222111111111111111111111111111111111111111111111111111111111111111112222222222222222222222222222222222
2223333333333333333333333333333333333333333333333333333333333333333333333333333333333333332222222222222222222222222222222222222222222222222222222222222222222111111111111111111111111111111111111111111111111111111111111111122222222222222222222222222222222222
2223333333333333333333333333333333333333333333333333333333333333333333333333333333333333332222222222222222222222222222222222222222222222222222222222222222222211111111111111111111111111111111111111111111111111111111111111222222222222222222222222222222222222
2233333333333333333333333333333333333333333333333333333333333333333333333333333333333333322222222222222222222222222222222222222222222222222222222222112222222221111111111111111111111111111111111111111111111111111111111111212222222222222222222222222222222222
2333333333333333333333333333333333333333333333333333333333333333333333333333333333333333222222222222222222222222222222222222222222222222222222222222112222222211111111111111111111111111111111111111111111111111111111111112111222222222222222222222222222222222
2333333333333333333333333333333333333333333333333333333333333333333333333333333333333322222222222222222222222222222222222222222222222222222222222222112222222111111111111111111111111111111111111111111111111111111111111111111122222222222222222222222222222222
2333333333333333333333333333333333333333333333333333333333333333333333333333333333333322222222222222222222222222222222222222222222222222222222222222222222222111111111111111111111111111111111111111111111111111111111112211111112222222222222222222222222222222
2233333333333333333333333333333333333333333333333333333333333333333333333333333333333322222222222222222222222222222222222222222222222222222222222222222222221111111111111111111111111111111111111111111111111111111111112212111112222222222222222222222222222222
2233333333333333333333333333333333333333333333333333333333333333333333333333333333333322222222222222222222222222222222222222222222222222222222222222222222221111111111111111111111110001111111111111111111111111111111111111111111221111222222222222222222222222
2223333333333333333333333333333333333333333333333333333333333333333333333333333333333322222222222222222222222222222222222222222222222222222222222222222222221111111111111111111111000000000111111111111111111111111111111111111111111111111222222222222222222222
2222333333333333333333333333333333333333333333333333333333333333333333333333333333333222222222222222222222222222222222222222222222222222222222222222222222221111111111111111111110000000000011111111111111111111111111111111111111111111111222222112222222222222
2222233333333333333333333333333333333333333333333333333333333333333333333333333333333222222222222222222222222222222222222222222222222222222222222221112222221111111111111111111000000000000001111111111111111111111111111111111111111111111111111112222222222222
2222223333333333333333333333333333333333333333333333333333333333333333333333333333332222222222222222222222222222222222222222222222222222222222222221111222211111111111111111110000000000000000011111111111111111111111111111111111111111111111111112211222222222
2222222333333333333333333333333333333333333333333333333333333333333333333333333333322222222222222222222222222222222222222222222222222222222222222211111222211111111111111111110000000000000000011111111111111111111111111111111111111111111111111111111122222222
2222222333333333333333333333333333333333333333333333333333333333333333333333333332222222222222222222222222222222222222222222222222222222222222222211111111111111111111111111100000000000000000011111111111111111111111111111111111111111111111111111111111222222
2222222233333333333333333333333333333333333333333333333333333333333333333333333322222222222222222222222222222222222222222222222222222222222222222211111111111111111111111111000000000000000000000011111111111111111111111111111111111111111111111111111111122222
2222222222333333333333333333333333333333333333333333333333333333333333333333333222222222222222222222222222222222222222222222222222222222222222222111111111111111111111111110000000000000000000000001100011111000000001111111111111111111111111111111111111111111
2222222222223333333333333333333333333333333333333333333333333333333333333333322222222222222222222222222222222222222222222222222222222222222222221111111111111111111111111110000000000000000000000000000000000000000001111111111111111111111111111111111111111111
2222222222222333333333333333333333333333333333333333333333333333333333333332222222222222222222222222222222222222222222222222222222222222222222211111111111111111111111111100000000000000000000000000000000000000000000111111111111111111111111111111111111111111
2222222222222223333333333333333333333333333333333333333333333333333333333222222222222222222222222222222222222222222222222222222222222222222222211111111111111111111111111100000000000000000000000000000000000000000000111111111111111111111111111111111111111111
2222222222222222333223333333333333333333233333333333333333333333333333332222222222222222222222222222222222222222222222222222222222222222222222211111111111111111111111111000000000000000000000000000000000000000000000111111111111111111111111111111111111111111
2222222222222222233222333333333333333332222222222333333333333333333333322222222222222222222222222222222222222222222222222222222222222222222222211111111111111111111111110000000000000000000000000000000000000000000001111111111111111111111111111111111111111111
2222222222222222222222333333333333222222222222222223333333333333333333222222222222222222222222222222222222222222222222222222222222222222222222211111111111111111111111110000000000000000000000000000000000000000000000111001111111111111111111111111111111111111
2222222222222222222222333333333332222222222222222222333333333333333322222222222222222222222222222222222222222222222222222222222222222222222222211111111111111111111111100000000000000000000000000000000000000000000000111001111111111111111111111111111111111111
2222222222222222222222233333333322222232222222222222333332222233332222222222222222222222222222222222222222222222222222222222222222222222222222211111111111111111111111100000000000000000000000000000000000000000000000011111111111111111111111111111111111111111
2222222222222222222222233333333322222233222222222222333332222223322222222222222222222222222222222222222222222222222222222222222222222222222222221111111111111111111111100000000000000000000000000000000000000000000000111111111111111111111111111111111111111111
2222222222222222222222232332333222222333322222222222333333222222222222222222222222222222222222222222222222222222222222222222222222222222222222222111111111111111111111000000000000000000000000000000000000000000000000111111111111111111111111111111111111111111
2222222222222222222222222222232222223332222222222223333332222222222222222222222222222222222222222222222222222222222222222222222222222222222222222211111111111111111111000000000000000000000000000000000000000000000000011111111111111111111111111111111111111111
2222222222222222222222222222233332233222222222222222322222222222222222222222222222222222222222222222222222222222222222222222222222222222222222222221111111111111111111000000000000000000000000000000000000000000000000111111111111111111111111111111111111111111
2222222222222222222222222222233333332222222222222222222222222222222222222222222222222222222222222222222222222222222222222222222222222222222222222221111111111111111111000000000000000000000000000000000000000000000000111111111111111111111111111111111111111111
2222222222222222222222222222233333332222222222222222222222222222222222222222222222222222222222222222222222222222222222222222222222222222222222222221111111111111111111000000000000000000000000000000000000000000000001111111111111111111111111111111111111111111
2222222222222222222222222222233322222222222222222222222222222222222222222222222222222222222222222222222222222222222222222222222222222222222222222221111111111111111110000000000000000000000000000000000000000000000001111111111111111111111111111111111111111111
2222222222222222222222222222233322222222222222222222222222222222222222222222222222222222222222222222222222222222222222222222222222222222222222222211111111111111111110000000000000000000000000000000000000000000000011111111111111111111111111111111111111111111
2222222222222222222222222222222222222222222222222222222222222222222222222222222222222212222222211222222222222222222222222222222222222222222222211111111111111111111110000000000000000000000000000000000000000000000011111111111111111111111111111111111111111111
2222222222222222222222222222222222222222222222222222222222222222222222222222222222221111221111111122222222222222222222222222222222222222222222111111111111111111111000000000000000000000000000000000000000000000000001111111111111111111111111111111111111111111
2222222222222222222222222222222222222222222222222222222222222222222222222222222211111111111111111122222222222222222222222222222222222222222222111111111111111111100000000000000000000000000000000000000000000000000001111111111111111101111111111111111111111111
2222222222222222222222222222222222222222222222222222222222222222222222222222222111111111111111111122222222222222222222222222222222222222222222111111111111111111100000000000000000000000000000000000000000000000000001111111111111111000111111111111111111111111
2222222222222222222222222222222222222222222222222222222222222222222222222222221111111111111111111222222222222222222222222222222222222222222222111111111111111111000000000000000000000000000000000000000000000000000001111111111111111000111111111111111111111111
2222222222222222222222222222222222222222222222222222222222222222222222222222211111111111111111111222222222222222222222222222222222222222222221111111111111111111000000000000000000000000000000000000000000000000000001111111111111111000111111111111111111111111
2222222222222222222222222222222222222222222222222222222222222222222222222211111111111111111111112222222222222222222222222222222222222222222221111111111111111110000000000000000000000000000000000000000000000000000001111111111111111000111111111111111111111111
2222222222222222222222222222222222222222222222222222222222222222222222222111111111111111111111122222222222222222222222222222222222222222222221111111111111111110000000000000000000000000000000000000000000000000000001111111111111111000010011111111111111111111
2222222222222222222222222222222222222222222222222222222222222222222222211111111111111111111111122222222222222222222222222222222222222222222221111111111111111000000000000000000000000000000000000000000000000000000001111111111111111000000001111111111111111111
2222222222222222222222222222222222222222222222222222222222222222222111111111111111111111111111122222222222222222222222222222222222222222222211111111111111000000000000000000000000000000000000000000000000000000000001111111111111111000000000111111111111111111
1222222222222222222222222222222222222222222222222222222222222222222111111111111111111111111111112222222222222222222222222222222222222222222211111111111100000000000000000000000000000000000000000000000000000000000001111111111111111000000000011111111111111111
1122222222222222222222222222222222222222222222222222222222222222222111111111111111111111111111112222222222222222222222222222222222222222222211111111111100000000000000000000000000000000000000000000000000000000000011111111111111111000000000001111111111111111
1122222222222222222222222222222222222222222222222222222222222222222111111111111111121111111111112222222222222222222222222222222222222222222211111111111110000000000000000000000000000000000000000000000000000000001111111111111111111100000000011111111111111111
1112222222222222222222222222222222222222222222222222222222222222222111111111111111221111111111111222222222222222222222222222222222222222222111111111111110000000000000000000000000000000000000000000000000000000111111111111111111111100000000011111111111111111
1122222222222222222222222222222222222222222222222222222222222222222111111111111222221111111111111222222222222222222222222222222222222222211111111111111110000000000000000000000000000000000000000000000000000001111111111111111111111100000000001111111111111111
1122222222222222222222222222222222222222222222222222222222222222222111111111112222222111111111111122222222222222222222222222222222222222111111111111111111000000000000000000000000000000000000000000000000001111111111111111111111111100000000000111111111111111
1112222222222222222222222222222222222222222222222222222222222222221111111111112222221111111111111112222222222222222222222222222222222221111111111111111111100000000000000000000000000000000000000000000000011111111111111111111111111000000000000111111111111111
1112222222222222222222222222222222222222222222222222222222222222221111111111112222221111111111111111222222222222222222222222222222222211111111111111111111100000000000000000000000000000000000000000000000111111111111111111111111111100000000001111111111111111
1112222222222222222222222222222222222222222222222222222222222222221111111111122222221111111111111111222222222222222222222222222222222211111111111111111111111000000000000000000000000000000000000000000001111111111111111111111111111100000000001111111111111111
1112222222222222222222222222222222222222222222222222222222222222211111111111122222221111111111111111122222222222222222222222222222222111111111111111111111111000000000000000000000000000000000000000000011111111111111111111111111111000000000001111111111111111
1112222222222222222222222222222222222222222222222222222222222222211111111111112222221111111111111111122222222222222222122222222222211111111111111111111111111100000000000000000000000000000000000000000011111111111111111111111111111000000000011111111111111111
1112222222222222222222222222222222222222222222222222222222222222221111111221111222221111111111111111122222222222222211112222222222111111111111111111111111111100000000000000000000000000000000000000000011111111111111111111111111111100000011111111111111111111
1112222222222222222222222222222222222222222222222222222222222222221111111221111111221111111111111111112222222222222111111222122111111111111111111111111111111000000000000000000000000000000000000000000111111111111111111111111111111100110111111111111111111111
1112222222222222222222222222222222222222222222222222222222222222222111112221111111111111111111111111111222222222221111111111111111111111111111111111111111111100000000000000000000000000000000000000000111111111111111211111111111111111111111111111111111111111
1112222222222222222222222222222222222222222222222222222222222222222111122221111111111111111111111111111122222222221111111111111111111111111111111111111111111100000000000000000000000000000000000000001111111111111112222211111111111111111111111111111111111111
1112222222222222222222222222222222222222222222222222222222222222222111112211111111111111111111111111111112221121111111111111111111111111111111111111111111111000000000000000000000000000000000000001111111111111111112222221111111111111111111111111111111111111
1112222222222222222222222222222222222222222222222222222222222222221111111111111111111111111111111111111111111111111111111111111111111111111111111111111111110000000000000000000000000000000000000011111111111111111112222222111111111111111111111111111111111111
1111222222222222222222222222222222222222222222222222222222222222221111111111111111111111111111111111111111111111111111111111111111111111111111111111111111100000000000000000000000000000000000011111111111111111111112222222211111111111111111111111111111111111
1111122222222222222222222222222222222222222222222222222222222222211111111111111111111111111111111111111111111111111111111111111111111111111111111111111110000000000000000000000000000000000000111111111111111111111112222222211111111111111111111111111111111111
1111122222222222222222222222222222222222222222222222222222222222211111111111111111111111111111111111111111111111111111111111111111111111111111111111110000000000000000000000000000000000000000111111111111111111111111222222211111111111111111111111111111111111
1111122222222222222222222222222222222222222222222222222222222222211111111111111111111111111111111111111111111111111111111111111111111111111111111100000000000000000000000000000000000000000001111111111111111111111112222222111111111111111111111111110111111111
1111112222222222222222222222222222222222222222222222222222222222111111111111111111111111111111111111111111111111111111111111111111111111111111100000000000000000000000000000000000000000000001111111111111111111111112222211111111111111111111111111110011111111
1111112222222222222222222222222222222222222222222222222222222222111111111111111111111111111111111111111111111111111111111111111111111111111111100000000000000000000000000000000000000000000011111111111111111111111111111111111111111111111111111111100000111111
1111112222222222222222222222222222222222222222222222222222222221111111111111111111111111111111111111111111111111111111111111111111111111111110000000000000000000000000000000000000000000001111111111111111111111111111111111111111111111111111111111000000011111
1111111222222222222222222222222222222222222222222222222222222211111111111111111111111111111111111111111111111111111111111111111111111111111100000000000000000000000000000000000000000000011111111111111111111111111111111111111111111111111111111100000000011111
1111111222222222222222222222222222222222222222222222222222222111111111111111111111111111111111111111111111111111111111111111111111111111111000000000000000000000000000000000000000000000011111111111111111111111111111111111111111111111111111111000000000000111
1111112222222222222222222222222222222222222222222222222222222111111111111111111111111111111111111111111111111111111111111111111111111111110000000000000000000000000000000000000000000000111111111111111111111111111112111111111111111111111111111000000000000111
1111112222222222222222222222222222222222222222222222222222222111111111111111111111111111111111111111111111111111111111111111111111111000000000000000000000000000000000000000000000000000111111111111111111111222222222211111111111111111111111000000000000000000
1111112222222222222222222222222222222222222222222222222222222111111111111111111111111111111111111111111111111111111111111111111111111000000000000000000000000000000000000000000000000000111111111111111111112222222222111111111111111111111110000000000000000000
1111111222222222222222222222222222222222222222222222222222222111111111111111111111111111111111111111111111111111111111111111111111111100000000000000000000000000000000000000000000000001111111111111111111112222222222111111111111111111111110000000000000000000
1111111222222222222222222222222222222222222222222222222222222111111111111111111111111111111111111111111111111111111111111111111111111110000000000000000000000000000000000000000010010111111111111111111111122222222222111111111111111111111100000000000000000000
1111111222222222222222222222222222222222222222222222222222221111111111111111111111111111111111111111111111111111111111111111111111111110000000000000000000110000000000000001111111111111111111111111111111122222222221111111111111111111111100000000000000000000
1111111122222222222222222222222222222222222222222222222222221111111111111111111111111111111111111111111111111111111111111111111111111111101111000000000011111100000000001111111111111111111111111111111112222222222222111111111111111111111100000000000000000000
1111111122222222222222222222222222222222222221122222222222221111111111111111111111111111111111111111111111111111111111111111111111111111111111000000000111111111111111111111111111111111111111111111111112222222222222111111111111111111111100000000000000001000
1111111122222222222222222222222222222222222211112222222222111111111111111111111111111111111111111111111111111111111111111111111111111111111111000000001111111111111111111111111111111111111111111111111122222222222221111111111111111111110000000000000000000000
1111111111122222222222222222222222222222221111111222222222111111111111111111111111111111111111111111111111111111111111111111111111111111111111000000011111111111111111111111111111111111111111111111111122222222222211111111111111111111110000000000000000001000
1111111111112222222222222222222222222222111111111111122221111111111111111111111111111111111110011111111111111111111111111111111111111111111111101111111111111111111111111111111111111111111111111111111122222222222211111111111111111111100000000000000000001000
1111111111111222222222222222222222222211111111111111111111111111111111111111111111111111111100000011111111111111111111111111111111111111111111111111111111111111111111111111111111111111111111111111111122222222222211111111111111111111000000000000000000001000
1111111111111122222222222222222222221111111111111111111111111111111111111111111111111111110000000011111111111111111111111111111111111111111111111111111111111111111111111111111111111111111111111111111122222222222211111111111111111100000000000000000000011100
1111111111111122222222222222222222221111111111111111111111111111111111111111111111111111110000000111111111111111111111111111111111111111111111111111111111111111111111111111111111111111111111111111111122222222222211111111111111111000000000000000000000011110
1111111111111122222222222222222222111111111111111111111111111111111111111111111111111100000000000011111111111111111111111111111111111111111111111111111111111111111111111111111111111111111111111111111112222222222211111111111111111000000000000000000000001100
1111111111111122222222222222222222111111111111111111111111111111111111111111111111111000000000000000111111111111111111111111111111111111111111111111111111111111111111111111111111111111111111111111111111111222221111111111111111110000000000000000000000000000
1111111111111122222222222222222222111111111111111111111111111111111111111111111111110000000000000000111111111111111111111111111111111111111111111111111111111111111111111111111111111111111111111111111111111111111111111111111111110000000000000000000000000000
1111111111111122222222222222222222211111111111111111111111111111111111111111111111110000000000000000111111111111111111111111111111111111111111111111111111111111111111111111111111111111111111111111111111111111111111111111111111100000000000000000000000000000
1111111111111122222222222222222222211111111111111111111111111111111111111111111111110000000000000000111111111111111111111111111111111111111111111111111111111111111111111111111111111111111111111111111111111111111111111111111111100000000000000000000000000000
1111111111111122222222222222222222211111111111111111111111111111111111111111111111111000110000000011111111111111111111111111111111111111111111111111111111111111111111222221111111111111111111111111111111111111111111111111111111100000000000000000000000000000
1111111111111122222221122222222222211111111111111111111111111111111111111111111110111111110000110011111111111111111111111111111111111111111111111111111111111111111122222222111111111111111111111111111111111111111111111111111111110000000000000000000000000000
1111111111111122222211112222222222221111111111111111111111111111111111111111111111111111111000000111111111111111111111111111111111111111111111111111111111111111111222222221111111111111111111111111111111111111111111111111111111110000000000000000000000000000
1111111111111122222111111222222222222111111111111111111111111111111111111111111111111111111100000111111111111111111111111111111111111111111111111111111111111111111222222221111111111111111111111111111111111111111111111111111111110000000000000000000000000000
1111111111111122222111111122222222222111111111111111111111111111111111111111111111111111111100001111111111111111111111111111111111111111111111111111111111111111112222222221111111111111111111111111111111111111111111111111111111110000000000000000000000000000
1111111111111122222111111111222222221111111111111111111111111111111111111111111111111111111111111111111111111111111111111111111111111111111111111111111111111111222222222211111111111111111111111111111111111111111111111111111111111000000000000000000000000000
1111111111111122222111111122222222221111111111111111111111111111111111111111111111111111111111111111111111111111111111111111111111111111111111111111111111111222222222222111111111111111111111111111111111111111111111111111111111111100000000000000000000000000
1111111111111112222111112222222222111111111111111111111222222111111111111111111111111111111111111111111111111111111111111111111111111111111111111111111111112222222222221111111111111111111111111111111111111111111111111111111111111111110000000000000000000000
1111111111111112222211222222222222111111111111111122222222222111111111111111111111111111111111111111111111111111111111111111111111111111111111111111111111122222222222211111111111111111111111111111111111111111111111111111111111111111111000000000000000000000
1111111111111112222222222222222222211111111111111222222222222111111111111111111111111111111111111111111111111111111111111111111111111111111111111111111111122222222222211111111111111111111111111111111111111111111111111111111111111111111100000000000000000011
1111111111111222222222222222222222221122122222112222222222222111111111111111111111111111111111111111111111111111111111111111111111111111111111111111111111222222222222211111111111111111111111111111111111111111111111111111111111111111111110000000000000001111
1111111111122222222222222222222222222222222222112222222222222112111111111111111111111111111111111111111111111111111111111111111111111111111111111111111111222222222222211111111111111111111111111111111111111111111111111111111111111111111110000000000000011111
1111111112222222222222222222222222222222222222222222222222222222211111111111111111111111111111111111111111111111111111111111111111111111111111111111111222222222222222221111111111111111111111111111111111111111111111111111111111111111111111000000000000111111
1111111122222222222222222222222222222222222222222222222222222222221111111111111111111111111111111111111111111111111111111111111111111111111111111111112222222222222222221111111111111111111111111111111111111111111111111111111111111111111111000000000001111111
1111111222222222222222222222222222222222222222222222222222222222221111111111111111111111111111111111111111111111111111111111111111111111111111111222222222222222222222222211111111111111111111111111111111111111111111111111111111111111111111000000000011111111
1111111222222222222222222222222222222222222222222222222222222222221111111111111111111111111111111111111111222211111111111111111111111111111111112222222222222222222222222211111111111111111111111111111111111111111111111111111111111111111111100000000011111111
1111111222222222222222222222222222222222222222222222222222222222222211111222111111111111111111111111111122222221111111111111112222111111112222222222222222222222222222222111111111111111111111111111111111111111111111111111111111111111111111111110000111111111
1111112222222222222222222222222222222222222222222222222222222222222222222222211111111111111111111111111122222221111111111111112222111111122222222222222222222222222222222111111111111111111111111111111111111111111111111111111111111111111111111111111111111111
1111222222222222222222222222222222222222222222222222222222222222222222222222221111111111111111111111111122222222221111111111112222122212222222222222222222222222222222222111111111111111111111111111111111111111111111111111111111111111111111111111111111111111
1112222222222222222222222222222222222222222222222222222222222222222222222222221111111111111111111222211222222222222111111111112222222222222222222222222222222222222222221111111111111111111111111111111111111111111111111111111111111111111111111111111111111111
1112222222222222222222222222222222222222222222222222222222222222222222222222211111111111111111112222221111112222222222122111112222222222222222222222222222222222222222221111111111111111111111111111111111111111111111111111111111111111111111111111111111111111
1122222222222222222222222222222222222222222222222222222222222222222222222222211111111111111111111222221111122222222222222211222222222222222222222222222222222222222222221111111111111111111111000011111111111111111111111111111111111111111111111111111111111111
1222222222222222222222222222222222222222222222222222222222222222222222222222211111111111111111111111111111122222222222222222222222222222222222222222222222222222222222221111111111111111111111000001111111111111111111111111111111111111111111111111111111111111
1222222222222222222222222222222222222222222222222222222222222222222222222221111111111111111111111111111111122222222222222222222222222222222222222222222222222222222222221111111111111111111000000000111111111111111111111111111111111111111111111111111111111111
1222222222222222222222222222222222222222222222222222222222222222222222222211111111111111111111111111111111112222222222222222222222222222222222222222222222222222222222221111111111111111110000000000111111111111111111111111111111111111111111111111111111111111
1122222222222222222222222222222222222222222222222222222222222222222222222211111111111111111111111111111111112222222222222222222222222222222222222222222222222222222222221111111111111111110000000001111111111111111111111111111111111111111111111111111111111111
1112222222222222222222222222222222222222222222222222222222222222222222222111111111111111111111111111111111112222222222222222222222222222222222222222222222222222222222221111111111111111110000000000111111111111111111111111111111111111111111111111111111111111
1111222222222222222222222222222222222222222222222222222222222222222222222111111111111111111111111111111111111222222222222222222222222222222222222222222222222222222222211111111111111111100000000000111111111111111111111111111111111111111111111111111111111111
1111222222222222222222222222222222222222222222222222222222222222222222222111111111111111111111111111111111111122222222222222222222222222222222222222222222222222222222211111111111111111100000000000001111111111111111111111111111111111111111111111111111111111
1111122222222222222222222222222222222222222222222222222222222222222222221111111111111111111111111111111111111122222222222222222222222222222222222222222222222222222222111111111111111111100000000000000111111111111111111111111111111111111111111111111111112111
1111111222222222222221222222222222222222222222222222222222222222222222211111111111111111111111111111111111111122222222222222222222222222222222222222222222222222222221111111111111111111000000000000000111111111111111111111111111111111111111111111111111122211
1111111122222222122211222222222222222222222222222222222222222222222222211111111111111111111111111111111111111122222222222222222222222222222222222222222222222222222221111111111111111111000000000000000111111111111111111111111111111111111111111121111111222222
1111111112222222112211222222222222222222222222222222222222222222222222211111111111111111111111111111111111111122222222222222222222222222222222222222222222222222222221111111111111111111000000000000000111111111111111111111111111111111111111111222111122222222
1111111111122222222111112222222222222222222222222222222222222222222222211111111111111111111111111111111111111122222222222222222222222222222222222222222222222222221111111111111111111111000000000000000111111111111111111111111111111111111111111222211222222222
1111111111112222221111122222222222222222222222222222222222222222222222111111111111111111111111111111111111111122222222222222222222222222222222222222222222222222211111111111111111111111001000000000000111111111111111111111111111111111111111112222222222222222
1111111111111222221111122222222222222222222222222222222222222222222222111111111111111111111111111111111111111222222222222222222222222222222222222222222222222222111111111111111111111111111111110001101111111111111111111111111111111111111111122222222222222222
1111111111111122222111122222222222222222222222222222222222222222222222111111111111111111111111111111111111111222222222222222222222222222222222222222222222222221111111111111111111111111111111111011111111111111111111111111111111111111111111222222222222222222
1111111111111112222111122222222222222221122222222222222222222222222222211111111111111111111111111111111111111222222222222222222222222222222222222222222222222221111111111111111111111111111111111111111111111111111111111111111111111111111122222222222222222222
1111111111111111221111222222222222222111112222222222222222222222222222211111111111111111111111111111111111111222222222222222222222222222222222222222222222222221111111111111111111111111111111111111111111111111111111111111111111111111222222222222222222222222
1111111111111111111111222222222222221111111221111112111222222222222222211111111111111111111111111111111111111122222222222222222222222222222222222222222222222221111111111111111111111111111111111111111111111111111111111111111111111111222222222222222222222222
0111111111111111111111122222222222221111111111111111111122222222222222211111111111111111111111111111111111111222222222222222222222222222222222222222222222222211111111111111111111111111111111111111111111111111111111111111111111111112222222222222222222222222
0111111111111111111111112222222222221111111111111111111112222222222222221111111111111111111111111111111111111222222222222222222222222222222222222222222222221111111111111111111111111111111111111111111111111111111111111111111111111112222222222222222222222222
0011111111111111111111111222222221111111111111111111111111222222222222211111111111111111111111111111111111111122222222222222222222222222222222222222222222211111111111111111111111111111111111111111111111111111111111111111111111111111222222222222222222222222
0001111111111111111111111222222221111111111111111111111111222222222222211111111111111111111111111111111111111111122222222222222222222222222222222222222222111111111111111111111111111111111111111111111111111111111111111111111111111111222222222222222222222222
0000111111111111111111111222222211111111111111111111111111222222222222211111111111111111111111111111111111111111112222222222222222222222222222222222222221111111111111111111111111111111111111111111111111111111111111111111111111111111222222222222222222222222
0000011111111111111111111111222111111111111111111111111111122222221111111111111111111111111111111111111111111111111122222222222222222222222222222222222211111111111111111111111111111111000001111111111111111111111111111111111111111111122222222222222222222222
0000001111111111111111111111111111111111111111111111111111112222111111111111111111111111111111111111111111111111111112222222122112122222222222212222111111111111111111111111111111110000000000111111111111111111111111111111111111111111111222222222222222222222
0000000011111111111111111111111111111111111111111111111111111111111111111111111111111111111111111111111111111111111111222222111111112222111111111111111111111111111111111111111110000000000000111111111111111111111111111111111111111111111222222222222222222222
0000000001111111111111111111111111111111111111111111111111111111111111111111111111111111111111111111111111111111111111112222111111111111111111111111111111111111110111110111110000000000000000111111111111111111111111111111111111111111111222222222222222222222
0000000000111111111111111111111111111111111111111111111111111111111111111111111111111111111111111111111111111111111111112221111111111111111111111111111111111111100000000000000000000000000000111111111111111111111111111111111111111111111112222222222222222222
0000000000011111111111111111111111111111111111111111111111111111111111111111111111111111111111111111111111111111111111111221111111111111111111111111111111111111100000000000000000000000000000111111111111111111111111111111111111111111111112222222222222222222
0000000000001111111111111111111111111111111111111111111111111111111111111111111111111111111111111111111111111111111111111211111111111111111111111111111111111111000000000000000000000000000000011111111111111111111111111111111111111111111122222222222222222222
0000000000001111111111111111111111111111111111111111111111111111111111111111111111111111111111111111111111111111111111111111111111111111111111111111111111111110000000000000000000000000000000000011111111111111111111111111111111111111111122222222222222222222
0000000000011111111111111111111111111111111111111111111111111111111111111111111111111111111111111111111111111111111111111111111111111111111111111111111111111100000000000000000000000000000000000001111111111111111111111111111111111111111222222222222222222222
0000000000111111111111111111111111111111111111111111111111111111111111111111111100110001111110011111111111111111111111111111111111111111111111111111001111100100000000000000000000000000000000000001111111111111111111111111111111111111111222222222222222222222
0000000000111111111111111111111111111111111111111111111111111111111111111111111100000000110000001111111111111111111111111111111111111111111111111111000000000000000000000000000000000000000000000000111111111111111111111111111111111111111122222222222222222222
0000000000011111111111111111111111111111111111111111111111111111111111111111111111110000110000001111111111111111111111111111111111111111111111111110000000000000000000000000000000000000000000000000111111111111111111111111111111111111111222222222222222222222
0000000000000111111111111111111111111111111111111111111111111111111111111111111111111100110000000111111111111111111111111111111111111111111111111100000000000000000000000000000000000000000000000000011111111111111111111111111111111111111222222222222222222222
0000000000000011111111111111111111111111111111111111111111111111111111111111111111111100100000000000111111111111111111111111111111111111111111111000000000000000000000000000000000000000000000000000000111111111111111111111111111111111111122222222222222222222
0000000000000011111111111111111111111111111111111111111111111111111111111111111111111101100000000000111111111111111111111111111111111111111111110000000000000000000000000000000000000000000000000000000011111111111111111111111111111111111122222222222222222222
0000000000000011111111111111111111111111111111111111111111111111111111111111111111111111100000000001111111111111111111111111111111111111111111100000000000000000000000000000000000000000000000000000000011111111111111111111111111111111111122222222222222222222
0000000000000011111111111111111111111111111111111111111111111111111111111111111111111111000000000011111111111111111111111111111111111111111111100000000000000000000000000000000000000000000000000000000011111111111111111111111111111111111122222222222222222222
0000000000000001111111111111111111111111111111111111111111111111111111111111111111111111100000001111111111111111111111111111111111111111111111000000000000000000000000000000000000000000000000000000000011111111111111111111111111111111111222222222222222222222
0000000000000000111111111111111111111111111111111111111111111111111111111111111111111111100000011111111111111111111111111111111111111111111110000000000000000000000000000000000000000000000000000000000011111111111111111111111111111112222222222222222222222222
0000000000000000111111111111111111111111111111111111111111111111111111111111111111111111100111111111111111111111111111111111111111111111111100000000000000000000000000000000000000000000000000000000000011111111111111111111111111122222222222222222222222222222
0000000000000000111111111111111111111111111111111111111111111111111111111111111111111111101111111111111111111111111111111111111111111111111100000000000000000000000000000000000000000000000000000000000011111111111111111111111111122222222222222222222222222222
0000000000000000111111111111111111111111111111111111111111111111111111111111111111111111111111111111111111111111111111111111111111111111100000000000000000000000000000000000000000000000000000000000000001111111111111111111111111222222222222222222222222222222
0000000000000000111111111111111111111111111111111111111111111111111111111111111111111111111111111111111111111111111111111111111111111111000000000000000000000000000000000000000000000000000000000000000000111111111111111111111111222222222222222222222222222222
